95
10 0.0 0.25392935 0.25158864 0.30133536 0.2879618 0.2896766 0.26527604 0.25065234 0.2191743 0.25433215 0.27130142 0.25846872 0.29058018 0.275504 0.25141788 0.27955678 0.25173038 0.23437148 0.27353314 0.28634775 0.29219875 0.30036455 0.30585694 0.25912744 0.26261073 0.3112079 0.3135336 0.24985182 0.25506738 0.27702034 0.2573026 0.30473104 0.26159734 0.27263474 0.28280297 0.25542668 0.30646712 0.27922302 0.27607432 0.26205164 0.2549983 0.26610264 0.26168123 0.2787278 0.27558097 0.3151622 0.27483317 0.27254626 0.2811589 0.28483376 0.2688639 0.2715767 0.29144165 0.24312583 0.28428507 0.28526542 0.29849118 0.28496101 0.2750644 0.27019498 0.29749376 0.27033195 0.31768933 0.29158267 0.26552734 0.2779514 0.32350445 0.28390032 0.24109209 0.27136916 0.27726588 0.28683454 0.29267615 0.2746656 0.313273 0.28747785 0.26601964 0.24284326 0.259142 0.26759896 0.27127215 0.27136302 0.25927 0.28905126 0.2548693 0.27247265 0.2523224 0.16596411 0.2978007 0.310983 0.25744987 0.22996238 0.23660257 0.36246502 0.2817944 
11 0.25392935 0.0 0.15821265 0.27966836 0.2680044 0.26851583 0.24487591 0.22765312 0.23109485 0.24412552 0.21237323 0.23038416 0.28375617 0.29043666 0.24667896 0.24725597 0.22627434 0.23392363 0.22062506 0.22458556 0.26806355 0.24943295 0.25531843 0.21389645 0.20601168 0.2486313 0.23828019 0.22519372 0.23442318 0.26571012 0.24932031 0.26627257 0.23821792 0.25628713 0.25686538 0.25407347 0.29787013 0.2586094 0.25591072 0.22018054 0.24539621 0.22667697 0.24135615 0.2366144 0.24826366 0.26416302 0.26574916 0.22422825 0.22317867 0.24365091 0.20605834 0.22464904 0.30324897 0.23369935 0.23922375 0.27624512 0.270954 0.26005694 0.27310476 0.25324023 0.261076 0.24042019 0.26857764 0.2547558 0.2302722 0.27173492 0.24707612 0.28606173 0.23195027 0.26610664 0.23483884 0.2624264 0.2659679 0.2368431 0.25369942 0.25536448 0.23907623 0.25982183 0.24878731 0.23867366 0.22620769 0.22210853 0.21574791 0.23251261 0.23592234 0.21598242 0.23673917 0.25710222 0.26239473 0.29978502 0.2493424 0.21151805 0.23479272 0.33425793 0.22801006 
12 0.25158864 0.15821265 0.0 0.30009282 0.28558618 0.3089121 0.28525105 0.26164234 0.25264323 0.2847053 0.2481245 0.2569245 0.28110215 0.26623124 0.2547139 0.27636945 0.24176125 0.26751032 0.24073885 0.25887343 0.298638 0.27578002 0.2893471 0.27323297 0.26343977 0.2657165 0.25642562 0.257948 0.2623627 0.27757865 0.28301072 0.27892813 0.20706369 0.2805842 0.2578851 0.24371953 0.2930529 0.28208166 0.2872524 0.24828532 0.22774997 0.2341367 0.24250871 0.22084908 0.2484646 0.28667092 0.28961337 0.27235126 0.28296453 0.28808153 0.24230254 0.2591039 0.29562947 0.24046786 0.27173677 0.2743126 0.29846144 0.2865717 0.2964856 0.28054398 0.26153466 0.24862926 0.2991628 0.27975777 0.24535795 0.29537046 0.27324325 0.3138037 0.23461166 0.24902445 0.2558712 0.27908823 0.31624025 0.2949738 0.268504 0.26746514 0.2511552 0.2708063 0.26126888 0.26087102 0.24364638 0.2184579 0.2272086 0.22319928 0.2513206 0.258746 0.27234676 0.26401976 0.30271903 0.28459477 0.26818871 0.24847847 0.23545799 0.369701 0.25921357 
13 0.30133536 0.27966836 0.30009282 0.0 0.163941 0.27637985 0.2875977 0.28955823 0.24696477 0.27195898 0.25654584 0.25986573 0.29808113 0.2974583 0.2820376 0.31648397 0.2943422 0.30002275 0.29836962 0.28745815 0.2833484 0.27901217 0.26215956 0.27552453 0.23795693 0.27209958 0.25672764 0.26951674 0.28679314 0.31681952 0.26381874 0.29335386 0.28903973 0.2544104 0.30764145 0.30885607 0.28419623 0.27185813 0.2715425 0.25575852 0.29077375 0.30150715 0.26403454 0.29345715 0.29584533 0.32159337 0.2855068 0.2982627 0.31992665 0.29252118 0.26707572 0.2907323 0.26556784 0.2945241 0.28239793 0.28612217 0.29264927 0.29087144 0.2709531 0.26431465 0.29451424 0.2949692 0.3227351 0.29069555 0.28232586 0.2641426 0.25526288 0.2423412 0.25482386 0.27715153 0.31414068 0.30610704 0.30971324 0.3043834 0.30700597 0.27309468 0.3242699 0.24011187 0.23281784 0.20672357 0.25362068 0.26054952 0.28361213 0.31553978 0.29392996 0.32368916 0.23535411 0.29738334 0.2882203 0.27193484 0.28577334 0.28283376 0.3116297 0.3709249 0.27804804 
14 0.2879618 0.2680044 0.28558618 0.163941 0.0 0.28910202 0.29694062 0.27101925 0.23672989 0.28156948 0.24967511 0.2738838 0.28420803 0.26441208 0.2663457 0.29414484 0.28896105 0.27608258 0.28343987 0.2698467 0.2592607 0.28068012 0.2636749 0.2547502 0.24105635 0.2261021 0.2108402 0.2507377 0.26460317 0.2889033 0.23969883 0.2821287 0.2603015 0.24440846 0.2830932 0.29714397 0.28662694 0.24535634 0.29484424 0.250882 0.25130492 0.24293207 0.28182286 0.2636859 0.28043503 0.30875114 0.29188752 0.25451413 0.25586998 0.2510734 0.22990507 0.27551398 0.28429902 0.26540685 0.24439701 0.28917676 0.26833424 0.25509787 0.2553738 0.25219905 0.26883757 0.2600658 0.29309648 0.25113705 0.24508786 0.24992882 0.22909424 0.2218963 0.23326951 0.25800967 0.2766246 0.27990925 0.31001627 0.28466782 0.24747184 0.23088118 0.3000161 0.22844164 0.22553563 0.19700994 0.22609155 0.25345293 0.27636757 0.28163347 0.23677582 0.2874957 0.24723202 0.30532515 0.27864683 0.28276384 0.2949322 0.28628415 0.2815029 0.3265315 0.24409576 
15 0.2896766 0.26851583 0.3089121 0.27637985 0.28910202 0.0 0.15917961 0.26807964 0.28969705 0.26115745 0.2824915 0.2274182 0.24755557 0.23205237 0.18533349 0.22167172 0.23189294 0.29735023 0.29894796 0.2780367 0.26427293 0.29652727 0.27108932 0.25847733 0.22141206 0.30045685 0.30575222 0.26225924 0.2676399 0.26879328 0.25680786 0.30226123 0.27597833 0.28564242 0.3264813 0.34044254 0.28551224 0.24935989 0.24095204 0.2526281 0.295619 0.27735835 0.24417624 0.28056312 0.26720187 0.30477968 0.26998985 0.27876976 0.2514491 0.2532882 0.26983264 0.29074016 0.33130676 0.2859382 0.27779695 0.2937161 0.3323959 0.2633927 0.3118513 0.29912916 0.21605507 0.23446871 0.2716663 0.27521557 0.25738022 0.2759035 0.24370787 0.29018 0.25622985 0.2945843 0.30138138 0.3163811 0.25791702 0.23857927 0.26318797 0.25042543 0.3410002 0.21237354 0.25033677 0.30233878 0.31260964 0.29440165 0.27926055 0.3171374 0.2799036 0.24703045 0.29150075 0.2857302 0.26252604 0.34501582 0.287049 0.20173034 0.24201694 0.36305425 0.28164437 
16 0.26527604 0.24487591 0.28525105 0.2875977 0.29694062 0.15917961 0.0 0.28243983 0.27226576 0.25649938 0.27214938 0.22122148 0.23886465 0.25600177 0.12976159 0.20538627 0.2415354 0.2607639 0.26629388 0.25917837 0.28046763 0.28835484 0.29335788 0.23101424 0.2205402 0.32176104 0.3193899 0.25071257 0.29007775 0.27932397 0.21631157 0.27642006 0.27973762 0.27006128 0.2937679 0.28844437 0.2773383 0.2764692 0.20247115 0.24161294 0.2583665 0.24705972 0.24604295 0.2847103 0.24982463 0.29298568 0.2913201 0.2833231 0.25583372 0.23615335 0.26605505 0.2733228 0.30861825 0.24740599 0.27420333 0.24360122 0.30214378 0.25092292 0.28467897 0.27976528 0.2267349 0.23658152 0.29014304 0.27941495 0.27496544 0.2648816 0.29164475 0.2819993 0.24531125 0.30661288 0.27808803 0.28617167 0.25062722 0.23835872 0.2943094 0.28745732 0.2853201 0.23750587 0.2776784 0.30313358 0.29369757 0.2916864 0.28635284 0.306849 0.2648746 0.22538163 0.25550398 0.23377904 0.3138412 0.3443542 0.22593115 0.19947456 0.1951444 0.37806302 0.23940992 
17 0.25065234 0.22765312 0.26164234 0.28955823 0.27101925 0.26807964 0.28243983 0.0 0.17028528 0.2604684 0.22134718 0.25648674 0.25575912 0.2653019 0.265898 0.28361198 0.24653576 0.26960146 0.24812278 0.25260004 0.25106567 0.24684124 0.2683755 0.23120534 0.25240797 0.24946688 0.2463032 0.2177844 0.21485302 0.28043562 0.23930284 0.270021 0.24921924 0.20593484 0.23813568 0.25165257 0.28070235 0.24629389 0.27476004 0.21647091 0.2723301 0.27338436 0.25777236 0.27681258 0.21854883 0.27841297 0.24364936 0.22170569 0.2583885 0.22838695 0.22915846 0.21493568 0.27088675 0.250034 0.24206126 0.27335218 0.25587142 0.2456311 0.23081622 0.2702263 0.28284547 0.25716364 0.28056055 0.2317069 0.20311835 0.27253565 0.23444712 0.26595572 0.23033728 0.1651801 0.24971247 0.2793212 0.27775642 0.23747869 0.26935962 0.26567698 0.2629858 0.24539213 0.24145705 0.24717765 0.23310076 0.22563408 0.22198856 0.2824417 0.24440274 0.26546526 0.2469357 0.26780793 0.26323462 0.25734615 0.26828927 0.28235722 0.2611543 0.3650986 0.25601706 
18 0.2191743 0.23109485 0.25264323 0.24696477 0.23672989 0.28969705 0.27226576 0.17028528 0.0 0.20797382 0.22450599 0.23948655 0.25151822 0.2392077 0.24458392 0.26508284 0.2583425 0.24908933 0.25191244 0.25591382 0.24851541 0.26672533 0.2452605 0.2577171 0.26041925 0.2273883 0.23996113 0.2102526 0.2287793 0.24638744 0.2239739 0.2519863 0.2781734 0.23020147 0.24896175 0.23338304 0.30260664 0.27510673 0.256189 0.23737802 0.27930668 0.27555674 0.24393791 0.28049338 0.23906064 0.26697728 0.23421308 0.24056265 0.2808662 0.26216185 0.25748548 0.2208404 0.22257856 0.22571117 0.24672778 0.26052308 0.25975224 0.25908905 0.24640746 0.27515376 0.2752297 0.24230592 0.27470076 0.24823156 0.22072054 0.26803344 0.23747675 0.23108298 0.2334883 0.14729519 0.24441071 0.26529142 0.27240667 0.24247263 0.276958 0.24754986 0.23568912 0.23072724 0.22453369 0.1994087 0.22661337 0.24310777 0.22664298 0.28052732 0.24508393 0.24741796 0.24089997 0.25699225 0.27026933 0.26404658 0.25368273 0.25317 0.23818357 0.33901137 0.25909588 
19 0.25433215 0.24412552 0.2847053 0.27195898 0.28156948 0.26115745 0.25649938 0.2604684 0.20797382 0.0 0.27136177 0.1958601 0.28066644 0.2802148 0.23964323 0.23629677 0.24900323 0.27342913 0.29313555 0.26755843 0.24693814 0.30999032 0.28202993 0.2530319 0.25859275 0.30845383 0.30103806 0.250253 0.25203896 0.26413298 0.2620833 0.22140725 0.29305744 0.2630917 0.30462888 0.3004998 0.3388421 0.2886847 0.2722567 0.2589513 0.30288684 0.27199435 0.26577342 0.2983817 0.26794258 0.2400244 0.23719364 0.25249612 0.2754407 0.28504446 0.2920537 0.2903654 0.33838993 0.24742305 0.26862535 0.28018916 0.28432262 0.25983736 0.24996452 0.2658406 0.2688617 0.23655428 0.30586517 0.29387137 0.28157258 0.2792793 0.28262958 0.28593987 0.2341872 0.29294002 0.2315648 0.24218233 0.2566796 0.26512158 0.28300256 0.25177357 0.24838722 0.26091573 0.2574916 0.23367919 0.23311913 0.27850175 0.27898356 0.29326624 0.2749964 0.26175955 0.25585672 0.26854175 0.29715568 0.32295096 0.26273122 0.24347097 0.23562244 0.28955552 0.28842267 
1 0.27130142 0.21237323 0.2481245 0.25654584 0.24967511 0.2824915 0.27214938 0.22134718 0.22450599 0.27136177 0.0 0.2573618 0.2763985 0.2857454 0.26490635 0.24523397 0.24215339 0.23036826 0.26374197 0.27687895 0.26323363 0.16505818 0.26301497 0.25201905 0.24757232 0.2299847 0.23197375 0.23463972 0.23057257 0.25046954 0.2366824 0.27480942 0.26486504 0.23775883 0.254 0.25851166 0.31036422 0.27828327 0.26564232 0.2322993 0.28929245 0.27291635 0.2491982 0.2591143 0.247109 0.30844554 0.28608942 0.24162696 0.22905497 0.27399656 0.23156945 0.23973057 0.27931777 0.2501347 0.26865286 0.2842453 0.27778828 0.26865453 0.25592127 0.23564504 0.25479823 0.25021875 0.28454128 0.2425242 0.22267312 0.25840986 0.23347896 0.23776512 0.2586032 0.24483971 0.25765815 0.29026216 0.2775857 0.2430431 0.27227655 0.26968408 0.29501653 0.2765516 0.26394013 0.21183251 0.23005535 0.26243713 0.2560583 0.2851022 0.26866803 0.28230095 0.24155393 0.2685788 0.23638652 0.30672914 0.25816056 0.24885705 0.25635898 0.3464277 0.24588895 
20 0.25846872 0.23038416 0.2569245 0.25986573 0.2738838 0.2274182 0.22122148 0.25648674 0.23948655 0.1958601 0.2573618 0.0 0.24533576 0.2705427 0.20808497 0.24226639 0.22923458 0.2640398 0.2573823 0.23422824 0.2573231 0.31076297 0.30391783 0.25681752 0.24368186 0.29527435 0.28327382 0.2505268 0.25062156 0.25422117 0.24572404 0.29020151 0.3029454 0.283775 0.29734224 0.30512866 0.29018942 0.2486747 0.24578398 0.2641656 0.29398084 0.26469687 0.2407772 0.29907656 0.27020794 0.25060046 0.24568787 0.21827447 0.26810762 0.26919827 0.26294836 0.2597555 0.31008995 0.26455203 0.24922153 0.27222052 0.3182154 0.2878868 0.3176197 0.31565765 0.2476085 0.25414166 0.30487987 0.28511915 0.26812348 0.25933823 0.26433834 0.25659508 0.25278795 0.3011193 0.29731435 0.31393114 0.26704225 0.25932908 0.27137893 0.28232598 0.31747338 0.22601932 0.23414929 0.23211843 0.24039696 0.2791116 0.28016138 0.2900511 0.28053892 0.22776434 0.25326252 0.25114426 0.2837252 0.3207946 0.22839484 0.20908843 0.24456333 0.37104532 0.27865297 
21 0.29058018 0.28375617 0.28110215 0.29808113 0.28420803 0.24755557 0.23886465 0.25575912 0.25151822 0.28066644 0.2763985 0.24533576 0.0 0.14776942 0.15665354 0.26108 0.26274836 0.27343705 0.28539816 0.28969064 0.2734482 0.2783217 0.27807683 0.29608464 0.27598864 0.2889639 0.2946994 0.2649582 0.27880892 0.26825455 0.25177222 0.30726057 0.2999827 0.26280594 0.2820724 0.29256594 0.2683724 0.27311137 0.24489251 0.27830955 0.3348769 0.30049884 0.2184466 0.30499607 0.22652406 0.32437572 0.30323848 0.25925666 0.27301687 0.26557547 0.30131763 0.28115824 0.31034604 0.28180608 0.27060392 0.27401757 0.30795014 0.27531135 0.28969857 0.31567165 0.25584963 0.25479087 0.31430972 0.26551992 0.27533734 0.27235737 0.3074963 0.27576038 0.28287485 0.28214678 0.31986588 0.32852772 0.27938274 0.26479727 0.26952907 0.2759811 0.31914195 0.2659923 0.2862314 0.27162552 0.28737026 0.29372796 0.29254287 0.32480192 0.31557065 0.24631253 0.2948241 0.25740188 0.29706454 0.31285593 0.28840125 0.24514489 0.25715253 0.39160368 0.29331714 
22 0.275504 0.29043666 0.26623124 0.2974583 0.26441208 0.23205237 0.25600177 0.2653019 0.2392077 0.2802148 0.2857454 0.2705427 0.14776942 0.0 0.16272888 0.2625989 0.27349424 0.30400547 0.30157718 0.28719267 0.31104222 0.32267997 0.2885113 0.32481673 0.28761077 0.28171468 0.2947083 0.26558024 0.25604415 0.24460582 0.24918078 0.32089478 0.29290578 0.25367492 0.2851693 0.26271516 0.29341617 0.29857576 0.2799501 0.28897172 0.29970744 0.27973384 0.21274064 0.30204004 0.2511706 0.33941498 0.2984492 0.28251702 0.2925333 0.24637626 0.27711305 0.28087935 0.2892526 0.27755746 0.26395345 0.30879214 0.3359731 0.2546219 0.29085478 0.3134157 0.22711235 0.25013426 0.29953745 0.2728131 0.26828614 0.28432927 0.3079113 0.28443792 0.28030303 0.25074154 0.31911203 0.33791387 0.29676285 0.2501661 0.2713189 0.24539013 0.2932815 0.26161024 0.28765202 0.2905278 0.31525883 0.25993448 0.26553425 0.28407824 0.25738397 0.24853852 0.29982322 0.2708684 0.294052 0.3063923 0.29614848 0.23605733 0.2635883 0.40004033 0.29774714 
23 0.25141788 0.24667896 0.2547139 0.2820376 0.2663457 0.18533349 0.12976159 0.265898 0.24458392 0.23964323 0.26490635 0.20808497 0.15665354 0.16272888 0.0 0.22243845 0.23936345 0.2619494 0.2632688 0.23433651 0.2706159 0.2856472 0.2722197 0.24901171 0.2187444 0.28514928 0.28309998 0.24161585 0.25858608 0.23402514 0.2054952 0.266635 0.26624602 0.2501272 0.2683165 0.26434478 0.26132265 0.25824848 0.2179044 0.23878703 0.2632359 0.24037904 0.21241333 0.27863547 0.2249068 0.27805373 0.2804603 0.2497326 0.24918987 0.22142193 0.24548382 0.2689134 0.28244388 0.23322204 0.24758768 0.25339955 0.2877277 0.2253762 0.26385528 0.27206254 0.21007966 0.21445145 0.27907687 0.25739285 0.24445225 0.24651392 0.27653182 0.25661916 0.23933391 0.26610672 0.2761824 0.2837008 0.25903523 0.23505929 0.24641071 0.24029192 0.27489063 0.22570151 0.26789805 0.27761695 0.2781084 0.2598792 0.26267058 0.27889657 0.24748416 0.21332236 0.25465718 0.22846386 0.29318157 0.29920956 0.23425265 0.20515485 0.21647365 0.3661709 0.26101342 
24 0.27955678 0.24725597 0.27636945 0.31648397 0.29414484 0.22167172 0.20538627 0.28361198 0.26508284 0.23629677 0.24523397 0.24226639 0.26108 0.2625989 0.22243845 0.0 0.21539871 0.24942149 0.2571448 0.27128825 0.2836989 0.28690657 0.2729786 0.22821265 0.2429803 0.31328705 0.31049016 0.22289735 0.28501645 0.28005445 0.2288799 0.29246864 0.27574897 0.27672678 0.30506334 0.29611534 0.29119694 0.27529097 0.23953168 0.2354047 0.25372744 0.22789742 0.23819952 0.27945405 0.2518176 0.28737292 0.27686495 0.2754997 0.23478463 0.2430201 0.25981307 0.25934866 0.33394572 0.25779495 0.26660174 0.27595156 0.28614014 0.21591832 0.27699056 0.26362878 0.23082002 0.22549552 0.28823003 0.28756332 0.23788835 0.27526295 0.258476 0.27030277 0.22255595 0.29527992 0.26037762 0.26536793 0.2484031 0.25797802 0.26096764 0.2590049 0.29623747 0.24883914 0.2469173 0.25887313 0.27322802 0.29031014 0.3029706 0.28773585 0.26634628 0.22453007 0.24703267 0.25985274 0.2937955 0.33982924 0.267211 0.21029581 0.18348287 0.33746213 0.23957998 
25 0.25173038 0.22627434 0.24176125 0.2943422 0.28896105 0.23189294 0.2415354 0.24653576 0.2583425 0.24900323 0.24215339 0.22923458 0.26274836 0.27349424 0.23936345 0.21539871 0.0 0.16493027 0.2619267 0.27140135 0.2907591 0.27123842 0.29022828 0.25802106 0.2518967 0.29614753 0.29609236 0.23567927 0.24178436 0.26885432 0.2804275 0.3000866 0.2578133 0.24983743 0.29123893 0.27736875 0.3153801 0.25650516 0.29174766 0.24262942 0.2601672 0.23006359 0.26147768 0.25886732 0.27365455 0.2985864 0.2995794 0.26398543 0.25300968 0.26907322 0.25651965 0.24502209 0.3147282 0.25757042 0.29646194 0.28216484 0.29155764 0.24640769 0.28226033 0.29052392 0.21207035 0.22015154 0.30127838 0.24746619 0.23434803 0.31051803 0.26676977 0.29137892 0.25066647 0.2902353 0.26398596 0.2787908 0.2509011 0.25052238 0.2745158 0.280053 0.30631757 0.25399652 0.25610334 0.25823975 0.27477297 0.27789104 0.28343838 0.29041862 0.2932973 0.23575015 0.26547968 0.2533493 0.26611122 0.28742445 0.3035052 0.23851015 0.19896564 0.38921782 0.2260141 
26 0.23437148 0.23392363 0.26751032 0.30002275 0.27608258 0.29735023 0.2607639 0.26960146 0.24908933 0.27342913 0.23036826 0.2640398 0.27343705 0.30400547 0.2619494 0.24942149 0.16493027 0.0 0.2564454 0.2870214 0.28323084 0.25035515 0.29116035 0.28158784 0.26640543 0.28500545 0.28662455 0.21573918 0.23474899 0.28543425 0.24560165 0.3053334 0.26888582 0.27181864 0.27061155 0.28760055 0.31561646 0.2896096 0.2614147 0.239123 0.27047324 0.27069035 0.2799955 0.26171178 0.26878375 0.2931326 0.28791082 0.24919239 0.2371355 0.30543223 0.2636208 0.270239 0.30649614 0.24275507 0.2857143 0.25364006 0.30502862 0.28355834 0.27574807 0.28953123 0.2787399 0.26571494 0.31704506 0.27247986 0.24673939 0.30856124 0.2902196 0.27507877 0.25237352 0.29290494 0.25662422 0.26437035 0.29905683 0.27375308 0.28202128 0.29327974 0.29606852 0.2533778 0.26260966 0.24058396 0.26030523 0.28128672 0.28627944 0.28412578 0.30058974 0.26604137 0.2600737 0.25455773 0.28550488 0.2945246 0.25553435 0.24655347 0.22727537 0.3983179 0.24443033 
27 0.27353314 0.22062506 0.24073885 0.29836962 0.28343987 0.29894796 0.26629388 0.24812278 0.25191244 0.29313555 0.26374197 0.2573823 0.28539816 0.30157718 0.2632688 0.2571448 0.2619267 0.2564454 0.0 0.15896183 0.249854 0.25703546 0.26032192 0.24077262 0.23852931 0.26103628 0.25870034 0.21608928 0.24707788 0.2814598 0.24778907 0.24378125 0.24062616 0.24550141 0.23270462 0.26554403 0.27492893 0.26752076 0.21641958 0.23011643 0.19268693 0.22540374 0.2511985 0.24888486 0.25468943 0.26507294 0.28977922 0.21875 0.24309565 0.21202257 0.20053613 0.19954681 0.26654592 0.22340089 0.22787324 0.26585287 0.2795077 0.25634962 0.27197707 0.26135367 0.27788326 0.25053158 0.27417746 0.2749402 0.23681228 0.255808 0.2632979 0.2598995 0.20086068 0.3008864 0.20219555 0.22794043 0.27993256 0.24588157 0.24692862 0.26986337 0.28209797 0.22745822 0.22690378 0.2538523 0.23560002 0.223967 0.25957367 0.25827435 0.24006933 0.23060578 0.2342514 0.24717365 0.3012544 0.2975642 0.20700169 0.2618114 0.23482423 0.36711955 0.19116642 
28 0.28634775 0.22458556 0.25887343 0.28745815 0.2698467 0.2780367 0.25917837 0.25260004 0.25591382 0.26755843 0.27687895 0.23422824 0.28969064 0.28719267 0.23433651 0.27128825 0.27140135 0.2870214 0.15896183 0.0 0.25983828 0.26350522 0.25186872 0.21900296 0.2390653 0.25230688 0.2635304 0.23409687 0.22521898 0.26426446 0.23230238 0.2337104 0.24355273 0.23822603 0.23254287 0.25858903 0.30170202 0.25477064 0.21525715 0.22941197 0.2463752 0.253828 0.27066743 0.26607507 0.23850405 0.21281646 0.24145031 0.19516465 0.23694825 0.22803572 0.22188132 0.23332155 0.29720077 0.22946985 0.19311027 0.2568304 0.2671057 0.24859412 0.25841886 0.26250538 0.26111093 0.24656294 0.27561873 0.25053388 0.22436196 0.2466287 0.25091317 0.2803433 0.2367381 0.29052338 0.22283188 0.23992193 0.274569 0.25255474 0.27699077 0.2719697 0.28538582 0.23914386 0.23841104 0.26767346 0.24558619 0.21435124 0.24383326 0.27263144 0.23138896 0.2438879 0.23450154 0.27130872 0.3053636 0.31081188 0.18182138 0.26306292 0.25457776 0.35901934 0.19739069 
29 0.29219875 0.26806355 0.298638 0.2833484 0.2592607 0.26427293 0.28046763 0.25106567 0.24851541 0.24693814 0.26323363 0.2573231 0.2734482 0.31104222 0.2706159 0.2836989 0.2907591 0.28323084 0.249854 0.25983828 0.0 0.2727954 0.16872999 0.25465208 0.24501014 0.2529792 0.24690944 0.24684069 0.2644631 0.25596464 0.2323838 0.22616515 0.27000138 0.2656234 0.2883762 0.29516163 0.257386 0.22930476 0.25354877 0.25293866 0.30445126 0.2920847 0.28339738 0.26062125 0.24537069 0.24982184 0.2767709 0.24066982 0.24884172 0.27332368 0.22688353 0.27106148 0.30443153 0.24654467 0.2531266 0.26455736 0.29861346 0.27424446 0.2827344 0.25932065 0.2763985 0.24718599 0.26109847 0.24763805 0.24044545 0.26305377 0.2383279 0.25197226 0.2464657 0.26531014 0.24536048 0.27066463 0.2890386 0.27507553 0.2539214 0.2484747 0.28131542 0.21911915 0.23245987 0.25154305 0.23527057 0.27067563 0.27984887 0.32901612 0.28455284 0.26272228 0.2806186 0.30569598 0.23545697 0.30266324 0.27341262 0.27694353 0.31114602 0.30364355 0.2807178 
2 0.30036455 0.24943295 0.27578002 0.27901217 0.28068012 0.29652727 0.28835484 0.24684124 0.26672533 0.30999032 0.16505818 0.31076297 0.2783217 0.32267997 0.2856472 0.28690657 0.27123842 0.25035515 0.25703546 0.26350522 0.2727954 0.0 0.24467012 0.26798153 0.26302814 0.26420793 0.2519394 0.25889772 0.25142315 0.28112316 0.25348 0.28450188 0.2421234 0.25363868 0.2298206 0.27966967 0.29921153 0.29330447 0.24266508 0.20158435 0.29722923 0.29527315 0.27664614 0.26659143 0.24142991 0.31436893 0.2847975 0.25600687 0.24164654 0.32096213 0.2583505 0.2699784 0.31733847 0.23527351 0.29199928 0.26178497 0.24011621 0.2576628 0.26339084 0.25606164 0.29384002 0.2627427 0.29242522 0.26885507 0.24277225 0.2771626 0.26936713 0.24704507 0.26308453 0.26812625 0.24875966 0.2664172 0.290726 0.26721457 0.26389405 0.2750229 0.3105888 0.28351876 0.26793936 0.24524298 0.22397745 0.27837923 0.26620954 0.29843867 0.28615546 0.3081476 0.25242507 0.28507483 0.24776208 0.30499294 0.25898302 0.2633757 0.27287823 0.38324463 0.2658891 
30 0.30585694 0.25531843 0.2893471 0.26215956 0.2636749 0.27108932 0.29335788 0.2683755 0.2452605 0.28202993 0.26301497 0.30391783 0.27807683 0.2885113 0.2722197 0.2729786 0.29022828 0.29116035 0.26032192 0.25186872 0.16872999 0.24467012 0.0 0.2747993 0.24276778 0.2627542 0.28055316 0.25302613 0.26282424 0.28287506 0.25533128 0.2835684 0.27440003 0.26771784 0.3114089 0.28485963 0.25525504 0.25290656 0.2497657 0.23185918 0.3031735 0.29783273 0.28243142 0.28045914 0.2595245 0.30058846 0.2908331 0.2617874 0.26802993 0.2793576 0.23591399 0.26223764 0.3091878 0.25139022 0.26595074 0.25377592 0.3060998 0.2731756 0.29191607 0.26991212 0.27654138 0.26478362 0.26031548 0.26491216 0.2371582 0.28329426 0.24058625 0.2744877 0.23852529 0.24996126 0.26134256 0.2797843 0.2846138 0.27888748 0.23083423 0.23967001 0.28965282 0.22837797 0.24506797 0.24305311 0.26618752 0.27826703 0.28204846 0.32035094 0.2940242 0.27011067 0.2718207 0.3122021 0.25532666 0.30567703 0.30271763 0.29399344 0.29704997 0.3219372 0.27255377 
31 0.25912744 0.21389645 0.27323297 0.27552453 0.2547502 0.25847733 0.23101424 0.23120534 0.2577171 0.2530319 0.25201905 0.25681752 0.29608464 0.32481673 0.24901171 0.22821265 0.25802106 0.28158784 0.24077262 0.21900296 0.25465208 0.26798153 0.2747993 0.0 0.13977508 0.27979627 0.25943714 0.21373188 0.26627558 0.2741348 0.21269388 0.22264881 0.21619941 0.24250352 0.24698688 0.259816 0.27985322 0.25180885 0.2212493 0.20739089 0.24209647 0.2310716 0.25434506 0.22447477 0.25596967 0.2646679 0.23582423 0.23660372 0.20944591 0.23567879 0.23793194 0.24808437 0.31118262 0.24694403 0.26136613 0.274854 0.23055504 0.24092673 0.25956246 0.25932926 0.25637314 0.25570458 0.28885105 0.2507296 0.25504056 0.24888302 0.28398463 0.23278265 0.22523873 0.2708854 0.25828835 0.26782158 0.25829187 0.272962 0.2909097 0.27989858 0.26633817 0.2423077 0.23576987 0.2715254 0.239953 0.24203844 0.26610005 0.25157413 0.21073997 0.23613809 0.19982503 0.23295069 0.27430508 0.27558294 0.25388524 0.26387888 0.22792824 0.31766734 0.19288112 
32 0.26261073 0.20601168 0.26343977 0.23795693 0.24105635 0.22141206 0.2205402 0.25240797 0.26041925 0.25859275 0.24757232 0.24368186 0.27598864 0.28761077 0.2187444 0.2429803 0.2518967 0.26640543 0.23852931 0.2390653 0.24501014 0.26302814 0.24276778 0.13977508 0.0 0.27768904 0.25702238 0.1962084 0.25366715 0.27710482 0.20358168 0.24575707 0.21239896 0.2604885 0.27304605 0.2818343 0.2616398 0.2550356 0.21107472 0.20451611 0.23780671 0.2233889 0.22607851 0.20309947 0.25377938 0.27322635 0.26386076 0.2236987 0.20541087 0.2550647 0.22807081 0.24265765 0.2702843 0.23981664 0.25853765 0.25343916 0.25161147 0.25448334 0.2623019 0.26026502 0.2255566 0.24039742 0.28357032 0.24431035 0.25578326 0.23344496 0.25167707 0.21171291 0.24416299 0.2766343 0.25882432 0.26669648 0.29010642 0.27494976 0.2859601 0.25773534 0.2856284 0.21917856 0.24520649 0.26346865 0.23631792 0.24514419 0.26006156 0.23402898 0.217784 0.24686755 0.22949296 0.23992202 0.26484612 0.27540815 0.2420318 0.22646433 0.24611638 0.3265958 0.22146404 
33 0.3112079 0.2486313 0.2657165 0.27209958 0.2261021 0.30045685 0.32176104 0.24946688 0.2273883 0.30845383 0.2299847 0.29527435 0.2889639 0.28171468 0.28514928 0.31328705 0.29614753 0.28500545 0.26103628 0.25230688 0.2529792 0.26420793 0.2627542 0.27979627 0.27768904 0.0 0.07394639 0.23489791 0.2479399 0.21746105 0.21995735 0.27055696 0.2387386 0.25025132 0.21778448 0.23596781 0.31605223 0.28158996 0.27738652 0.24657725 0.25386688 0.2642931 0.26939458 0.26083535 0.26552674 0.29258606 0.25688717 0.25428128 0.26621804 0.27540213 0.22610109 0.2453104 0.2732493 0.2508157 0.25033644 0.2850685 0.28096446 0.2777193 0.26833105 0.25342515 0.25333148 0.24155417 0.2797527 0.22861207 0.23136283 0.26585418 0.22921334 0.23902762 0.2567386 0.22187987 0.24374838 0.27024743 0.30423084 0.26327002 0.25332758 0.23102394 0.263022 0.26752293 0.24239123 0.21649855 0.22333117 0.24525014 0.2500466 0.28908277 0.26208016 0.29306734 0.28720868 0.31806394 0.265531 0.26240778 0.28264892 0.2767388 0.3020765 0.34368813 0.25139862 
34 0.3135336 0.23828019 0.25642562 0.25672764 0.2108402 0.30575222 0.3193899 0.2463032 0.23996113 0.30103806 0.23197375 0.28327382 0.2946994 0.2947083 0.28309998 0.31049016 0.29609236 0.28662455 0.25870034 0.2635304 0.24690944 0.2519394 0.28055316 0.25943714 0.25702238 0.07394639 0.0 0.2314084 0.25702047 0.22153877 0.21016262 0.27134347 0.2233074 0.26229507 0.22863203 0.24458875 0.30406767 0.27667126 0.27055597 0.24099657 0.24589922 0.24469675 0.27121532 0.23091447 0.26452774 0.28918818 0.26669696 0.2597958 0.25636107 0.2715605 0.22941048 0.2516081 0.28061327 0.2515589 0.25430408 0.28642985 0.27137735 0.2627202 0.28187114 0.25420943 0.23822573 0.2366407 0.29078114 0.24522412 0.23362578 0.266814 0.22928576 0.22677873 0.25971916 0.24281281 0.2551693 0.2740763 0.30760813 0.2710513 0.25898802 0.240455 0.27350485 0.26934224 0.2432477 0.20329402 0.20770395 0.2283553 0.253728 0.2767333 0.2464602 0.29390907 0.26923078 0.30999827 0.26694873 0.24938196 0.28210124 0.26113063 0.31207016 0.34473053 0.25962758 
35 0.24985182 0.22519372 0.257948 0.26951674 0.2507377 0.26225924 0.25071257 0.2177844 0.2102526 0.250253 0.23463972 0.2505268 0.2649582 0.26558024 0.24161585 0.22289735 0.23567927 0.21573918 0.21608928 0.23409687 0.24684069 0.25889772 0.25302613 0.21373188 0.1962084 0.23489791 0.2314084 0.0 0.17995903 0.25587484 0.1936733 0.25997382 0.20321046 0.2234352 0.249797 0.24771069 0.25483304 0.24554682 0.21817969 0.19294888 0.22543898 0.21823743 0.19534239 0.21395755 0.20997006 0.23871467 0.19597971 0.21444573 0.2466271 0.2523232 0.21920192 0.19329664 0.2462752 0.19824652 0.21832433 0.2363401 0.26358432 0.2567741 0.2560509 0.2474049 0.24650498 0.22801821 0.27360755 0.23184235 0.20311779 0.26791027 0.2571398 0.22545044 0.2180942 0.24764644 0.23058717 0.23612353 0.26461282 0.2532538 0.2648749 0.24377437 0.26961464 0.21690683 0.2208441 0.21689627 0.22292157 0.20567685 0.21688853 0.2786337 0.23451656 0.23457403 0.23136044 0.26391912 0.25079086 0.27955297 0.24641758 0.2291772 0.23650534 0.3489558 0.20721677 
36 0.25506738 0.23442318 0.2623627 0.28679314 0.26460317 0.2676399 0.29007775 0.21485302 0.2287793 0.25203896 0.23057257 0.25062156 0.27880892 0.25604415 0.25858608 0.28501645 0.24178436 0.23474899 0.24707788 0.22521898 0.2644631 0.25142315 0.26282424 0.26627558 0.25366715 0.2479399 0.25702047 0.17995903 0.0 0.24723709 0.23272166 0.29208085 0.25801998 0.24308349 0.25411576 0.28115016 0.3091969 0.2582024 0.25308067 0.22520714 0.26366735 0.26645696 0.25990072 0.2780785 0.23014513 0.26760978 0.22381023 0.21029444 0.22615428 0.26017833 0.23199084 0.23444402 0.27637756 0.2483531 0.24371548 0.2876846 0.30606422 0.2798681 0.2540314 0.26422456 0.27263734 0.2456872 0.25843948 0.23532368 0.20969082 0.2877243 0.26218334 0.28765923 0.25042328 0.24469809 0.27213442 0.279178 0.24701715 0.22297062 0.25406727 0.22484776 0.28691998 0.24542749 0.2526212 0.2522284 0.26160178 0.21446203 0.2206595 0.24230269 0.23303759 0.249287 0.23526977 0.2764549 0.2199618 0.2987438 0.2595397 0.24681231 0.26314378 0.36883432 0.25672272 
37 0.27702034 0.26571012 0.27757865 0.31681952 0.2889033 0.26879328 0.27932397 0.28043562 0.24638744 0.26413298 0.25046954 0.25422117 0.26825455 0.24460582 0.23402514 0.28005445 0.26885432 0.28543425 0.2814598 0.26426446 0.25596464 0.28112316 0.28287506 0.2741348 0.27710482 0.21746105 0.22153877 0.25587484 0.24723709 0.0 0.16127263 0.2901535 0.24764557 0.2902543 0.2611703 0.2832024 0.3100817 0.2923077 0.28272387 0.2714424 0.30760667 0.29261842 0.2623046 0.27058277 0.26397312 0.28310502 0.2620449 0.25059327 0.27540654 0.26957205 0.2644203 0.27638495 0.28535414 0.26283672 0.3018727 0.30622554 0.31567594 0.27421343 0.30778795 0.28989878 0.23347548 0.23506458 0.32015306 0.2789436 0.26889968 0.29842314 0.26919124 0.2385309 0.29230824 0.24497083 0.2712799 0.32189322 0.27899012 0.25178146 0.2584322 0.24904242 0.2794102 0.26796603 0.29187858 0.26915 0.2536579 0.25766137 0.25953627 0.29451525 0.26434228 0.2619024 0.30423176 0.27139205 0.27389163 0.2673501 0.275174 0.24262561 0.28994408 0.35938752 0.31164238 
38 0.2573026 0.24932031 0.28301072 0.26381874 0.23969883 0.25680786 0.21631157 0.23930284 0.2239739 0.2620833 0.2366824 0.24572404 0.25177222 0.24918078 0.2054952 0.2288799 0.2804275 0.24560165 0.24778907 0.23230238 0.2323838 0.25348 0.25533128 0.21269388 0.20358168 0.21995735 0.21016262 0.1936733 0.23272166 0.16127263 0.0 0.24385534 0.24213362 0.26627845 0.2599167 0.27681914 0.2523835 0.26551083 0.20988911 0.23016737 0.2554499 0.25339335 0.2281092 0.2673742 0.23092932 0.25846806 0.25583097 0.22967513 0.2341562 0.24054703 0.22801943 0.23656556 0.24655415 0.24087268 0.25202537 0.23900647 0.27067426 0.2449036 0.25179175 0.24344146 0.24151467 0.24427734 0.30050242 0.259742 0.24011703 0.24216773 0.23261555 0.20031011 0.24160667 0.23819797 0.23471521 0.25717732 0.2818987 0.26062435 0.26436105 0.24549901 0.2632195 0.22371605 0.23620555 0.22579496 0.21179608 0.2453195 0.26214743 0.2742058 0.22992094 0.25780308 0.23928684 0.2529651 0.27581957 0.26818958 0.21432838 0.22988296 0.2717082 0.32859942 0.250035 
39 0.30473104 0.26627257 0.27892813 0.29335386 0.2821287 0.30226123 0.27642006 0.270021 0.2519863 0.22140725 0.27480942 0.29020151 0.30726057 0.32089478 0.266635 0.29246864 0.3000866 0.3053334 0.24378125 0.2337104 0.22616515 0.28450188 0.2835684 0.22264881 0.24575707 0.27055696 0.27134347 0.25997382 0.29208085 0.2901535 0.24385534 0.0 0.26739684 0.21866845 0.24729373 0.27286386 0.3281517 0.28502345 0.2789005 0.2521359 0.27473035 0.27140373 0.29636937 0.2620179 0.2925359 0.27408147 0.28365076 0.27280682 0.28952423 0.27122527 0.24903195 0.28475896 0.31972256 0.24856615 0.2590269 0.26785108 0.25065038 0.2476623 0.2220266 0.22324932 0.29098767 0.24280494 0.29195207 0.27331838 0.2760937 0.2516559 0.26828656 0.2452978 0.24615012 0.28558883 0.15884021 0.1926393 0.28950748 0.2912915 0.28624418 0.26759642 0.22847089 0.26448274 0.25692806 0.2731515 0.22558756 0.28749174 0.29998925 0.28194597 0.27440912 0.2752308 0.25838244 0.27281165 0.30649465 0.2870405 0.26443323 0.28987926 0.27994117 0.28252247 0.22884224 
3 0.26159734 0.23821792 0.20706369 0.28903973 0.2603015 0.27597833 0.27973762 0.24921924 0.2781734 0.29305744 0.26486504 0.3029454 0.2999827 0.29290578 0.26624602 0.27574897 0.2578133 0.26888582 0.24062616 0.24355273 0.27000138 0.2421234 0.27440003 0.21619941 0.21239896 0.2387386 0.2233074 0.20321046 0.25801998 0.24764557 0.24213362 0.26739684 0.0 0.24962565 0.22681025 0.25492188 0.26641703 0.2404018 0.26347864 0.222417 0.21602762 0.23320186 0.23878632 0.12608586 0.22366044 0.25500718 0.23018195 0.22469912 0.23457995 0.27533814 0.22950698 0.25074723 0.30922788 0.2117396 0.25845584 0.24669825 0.2507677 0.24450569 0.25320256 0.24712183 0.24729526 0.23036972 0.2994526 0.25705004 0.23092611 0.2635187 0.273194 0.24465191 0.23827288 0.26807463 0.23906715 0.2512618 0.30663732 0.2784125 0.27152744 0.26070696 0.2830323 0.24354295 0.2469372 0.26367214 0.22764976 0.1999029 0.21836688 0.24975067 0.22875197 0.27928475 0.24054758 0.25774977 0.2700769 0.2513266 0.26210344 0.24125953 0.24535923 0.38061437 0.22622904 
40 0.27263474 0.25628713 0.2805842 0.2544104 0.24440846 0.28564242 0.27006128 0.20593484 0.23020147 0.2630917 0.23775883 0.283775 0.26280594 0.25367492 0.2501272 0.27672678 0.24983743 0.27181864 0.24550141 0.23822603 0.2656234 0.25363868 0.26771784 0.24250352 0.2604885 0.25025132 0.26229507 0.2234352 0.24308349 0.2902543 0.26627845 0.21866845 0.24962565 0.0 0.19533117 0.19862568 0.30554208 0.2571297 0.26634338 0.19235893 0.25236213 0.25524604 0.26894152 0.28891346 0.24119534 0.30566293 0.25023413 0.25013906 0.2745752 0.257584 0.22926326 0.23939207 0.29021698 0.22356634 0.22985367 0.2530599 0.24466345 0.24388137 0.22556812 0.24851725 0.26058415 0.25645706 0.29038525 0.22756633 0.22297621 0.25512898 0.25057873 0.251874 0.22792979 0.25485107 0.24084657 0.26556936 0.29456127 0.26567087 0.27846634 0.25761324 0.27872303 0.25732115 0.23135684 0.2177503 0.23828644 0.23937424 0.23732631 0.28791562 0.25621206 0.26647285 0.23237145 0.280739 0.29222348 0.27688193 0.27162427 0.28475675 0.27675235 0.35601118 0.22066134 
41 0.28280297 0.25686538 0.2578851 0.30764145 0.2830932 0.3264813 0.2937679 0.23813568 0.24896175 0.30462888 0.254 0.29734224 0.2820724 0.2851693 0.2683165 0.30506334 0.29123893 0.27061155 0.23270462 0.23254287 0.2883762 0.2298206 0.3114089 0.24698688 0.27304605 0.21778448 0.22863203 0.249797 0.25411576 0.2611703 0.2599167 0.24729373 0.22681025 0.19533117 0.0 0.16281836 0.31387922 0.27793956 0.24299854 0.24119143 0.24882938 0.26753053 0.27074048 0.26191914 0.25458762 0.29203635 0.23969528 0.26732463 0.2694893 0.2672718 0.24434458 0.26833633 0.30156228 0.2356093 0.23512316 0.2935331 0.25359672 0.26276723 0.22909313 0.24437843 0.2802846 0.2744855 0.28459415 0.26377174 0.26712796 0.2649171 0.30886042 0.26152724 0.25140822 0.2540582 0.24383327 0.2884732 0.29652154 0.27317336 0.27724162 0.26323953 0.25434855 0.26622602 0.26223105 0.26922283 0.26810974 0.23190701 0.24449125 0.24244316 0.23484379 0.28644592 0.23486656 0.26166666 0.28117344 0.28345945 0.25390086 0.29282343 0.27361402 0.36428857 0.22689481 
42 0.25542668 0.25407347 0.24371953 0.30885607 0.29714397 0.34044254 0.28844437 0.25165257 0.23338304 0.3004998 0.25851166 0.30512866 0.29256594 0.26271516 0.26434478 0.29611534 0.27736875 0.28760055 0.26554403 0.25858903 0.29516163 0.27966967 0.28485963 0.259816 0.2818343 0.23596781 0.24458875 0.24771069 0.28115016 0.2832024 0.27681914 0.27286386 0.25492188 0.19862568 0.16281836 0.0 0.31399482 0.2812548 0.2761726 0.25788805 0.24071485 0.23881087 0.27230212 0.29061142 0.25318542 0.29940924 0.27149823 0.28425026 0.29076427 0.271969 0.26794133 0.26277903 0.28792548 0.2620532 0.2651944 0.3141146 0.26336825 0.2553506 0.24713188 0.2451027 0.2686236 0.2720066 0.2938207 0.2519169 0.26114228 0.30079323 0.30595982 0.29547456 0.26541924 0.23445769 0.2768569 0.30657515 0.29903874 0.2830344 0.33370912 0.28225568 0.24428704 0.28967598 0.28232986 0.25557187 0.28820568 0.23974654 0.26640734 0.25965825 0.23692405 0.28769916 0.25033537 0.24513455 0.32464305 0.27355587 0.2967037 0.29710966 0.27660602 0.33761746 0.25483322 
43 0.30646712 0.29787013 0.2930529 0.28419623 0.28662694 0.28551224 0.2773383 0.28070235 0.30260664 0.3388421 0.31036422 0.29018942 0.2683724 0.29341617 0.26132265 0.29119694 0.3153801 0.31561646 0.27492893 0.30170202 0.257386 0.29921153 0.25525504 0.27985322 0.2616398 0.31605223 0.30406767 0.25483304 0.3091969 0.3100817 0.2523835 0.3281517 0.26641703 0.30554208 0.31387922 0.31399482 0.0 0.18009244 0.2591618 0.27748004 0.290341 0.31305468 0.25476098 0.2807735 0.26808453 0.31107318 0.30048624 0.2708065 0.29542488 0.27611005 0.26404977 0.25840935 0.24083787 0.27488318 0.30578724 0.2698803 0.2597354 0.2710382 0.29877812 0.2870189 0.30470914 0.2735345 0.28699762 0.27912757 0.2741578 0.29420835 0.31505635 0.2781457 0.25532869 0.32564643 0.3010911 0.29793674 0.32775858 0.3076894 0.28706807 0.3127186 0.33964097 0.25977448 0.2917037 0.27733675 0.28287807 0.28833032 0.30282256 0.30376083 0.28701815 0.30463463 0.27371392 0.27826425 0.31065568 0.32346514 0.2835512 0.2730215 0.30191502 0.34273258 0.3057432 
44 0.27922302 0.2586094 0.28208166 0.27185813 0.24535634 0.24935989 0.2764692 0.24629389 0.27510673 0.2886847 0.27828327 0.2486747 0.27311137 0.29857576 0.25824848 0.27529097 0.25650516 0.2896096 0.26752076 0.25477064 0.22930476 0.29330447 0.25290656 0.25180885 0.2550356 0.28158996 0.27667126 0.24554682 0.2582024 0.2923077 0.26551083 0.28502345 0.2404018 0.2571297 0.27793956 0.2812548 0.18009244 0.0 0.27215555 0.2525069 0.26766747 0.278053 0.25944093 0.26267263 0.25534078 0.27440572 0.26084888 0.22097003 0.2304329 0.25587946 0.23217982 0.23330922 0.30846024 0.24268013 0.24587044 0.2790155 0.24591652 0.25400844 0.2521262 0.251754 0.28481707 0.2554451 0.2581549 0.2119462 0.24383752 0.25662214 0.25369963 0.26072034 0.22923216 0.31015807 0.27108142 0.28658396 0.26131415 0.27004027 0.27168915 0.28379607 0.2970601 0.23653057 0.24045932 0.24659647 0.25152144 0.26708317 0.27202204 0.32752404 0.2731279 0.29400805 0.23149982 0.27428886 0.25689933 0.3112859 0.27990845 0.25710493 0.26628652 0.33496124 0.25358334 
45 0.27607432 0.25591072 0.2872524 0.2715425 0.29484424 0.24095204 0.20247115 0.27476004 0.256189 0.2722567 0.26564232 0.24578398 0.24489251 0.2799501 0.2179044 0.23953168 0.29174766 0.2614147 0.21641958 0.21525715 0.25354877 0.24266508 0.2497657 0.2212493 0.21107472 0.27738652 0.27055597 0.21817969 0.25308067 0.28272387 0.20988911 0.2789005 0.26347864 0.26634338 0.24299854 0.2761726 0.2591618 0.27215555 0.0 0.1947867 0.25100714 0.27056703 0.23368421 0.26839688 0.23579158 0.23115326 0.2585897 0.25095794 0.23616503 0.26177612 0.25177506 0.21392995 0.24260986 0.22444333 0.2155596 0.22082515 0.26912525 0.26588866 0.28936088 0.27742866 0.26282743 0.25126576 0.27629927 0.27190185 0.23742284 0.23285839 0.27446026 0.23416223 0.23732878 0.29834393 0.24418859 0.24252354 0.2355349 0.25450626 0.28239837 0.27877393 0.27902535 0.22774057 0.25236803 0.2666642 0.25909823 0.27156377 0.2668304 0.31202888 0.2615996 0.24922825 0.22670375 0.24768385 0.3161895 0.3224924 0.18825515 0.2196189 0.23891953 0.34514174 0.21995349 
